000418,2019
000418,2020
000418,2021
000418,2022
000511,2018
000511,2019
000511,2020
000511,2021
000511,2022
000522,2015
000522,2016
000522,2017
000522,2018
000522,2019
000522,2020
000522,2021
000522,2022
000527,2015
000527,2016
000527,2017
000527,2018
000527,2019
000527,2020
000527,2021
000527,2022
000542,2015
000542,2016
000542,2017
000542,2018
000542,2019
000542,2020
000542,2021
000542,2022
000578,2015
000578,2016
000578,2017
000578,2018
000578,2019
000578,2020
000578,2021
000578,2022
000585,2022
000611,2022
000618,2015
000618,2016
000618,2017
000618,2018
000618,2019
000618,2020
000618,2021
000618,2022
000687,2022
000748,2016
000748,2017
000748,2018
000748,2019
000748,2020
000748,2021
000748,2022
000760,2021
000760,2022
000866,2015
000866,2016
000866,2017
000866,2018
000866,2019
000866,2020
000866,2021
000866,2022
001208,2015
001208,2016
001208,2017
001208,2018
001208,2019
001208,2020
001211,2015
001211,2016
001211,2017
001211,2018
001211,2019
001211,2020
001212,2015
001212,2016
001212,2017
001212,2018
001212,2019
001212,2020
001215,2015
001215,2016
001215,2017
001215,2018
001215,2019
001215,2020
001217,2015
001217,2016
001217,2017
001217,2018
001217,2019
001217,2020
001218,2015
001218,2016
001218,2017
001218,2018
001218,2019
001218,2020
001219,2015
001219,2016
001219,2017
001219,2018
001219,2019
001219,2020
001229,2015
001229,2016
001229,2017
001229,2018
001229,2019
001229,2020
001229,2021
001231,2015
001231,2016
001231,2017
001231,2018
001231,2019
001231,2020
001231,2021
001256,2015
001256,2016
001256,2017
001256,2018
001256,2019
001256,2020
001256,2021
001266,2015
001266,2016
001266,2017
001266,2018
001266,2019
001266,2020
001266,2021
001269,2015
001269,2016
001269,2017
001269,2018
001269,2019
001269,2020
001269,2021
001270,2015
001270,2016
001270,2017
001270,2018
001270,2019
001270,2020
001270,2021
001283,2015
001283,2016
001283,2017
001283,2018
001283,2019
001283,2020
001283,2021
001288,2015
001288,2016
001288,2017
001288,2018
001288,2019
001288,2020
001296,2015
001296,2016
001296,2017
001296,2018
001296,2019
001296,2020
001300,2015
001300,2016
001300,2017
001300,2018
001300,2019
001300,2020
001300,2021
001309,2015
001309,2016
001309,2017
001309,2018
001309,2019
001309,2020
001309,2021
001319,2015
001319,2016
001319,2017
001319,2018
001319,2019
001319,2020
001319,2021
001322,2015
001322,2016
001322,2017
001322,2018
001322,2019
001322,2020
001322,2021
001323,2015
001323,2016
001323,2017
001323,2018
001323,2019
001323,2020
001323,2021
001324,2015
001324,2016
001324,2017
001324,2018
001324,2019
001324,2020
001324,2021
001324,2022
001332,2015
001332,2016
001332,2017
001332,2018
001332,2019
001332,2020
001332,2021
001336,2015
001336,2016
001336,2017
001336,2018
001336,2019
001336,2020
001336,2021
001338,2015
001338,2016
001338,2017
001338,2018
001338,2019
001338,2020
001338,2021
001339,2015
001339,2016
001339,2017
001339,2018
001339,2019
001339,2020
001339,2021
001360,2015
001360,2016
001360,2017
001360,2018
001360,2019
001360,2020
001360,2021
001360,2022
001367,2015
001367,2016
001367,2017
001367,2018
001367,2019
001367,2020
001367,2021
001367,2022
002260,2022
002450,2021
002450,2022
002618,2022
002680,2018
002680,2019
002680,2020
002680,2021
002680,2022
002684,2022
002793,2015
002795,2015
002798,2015
002799,2015
002802,2015
002805,2015
002806,2015
002821,2015
002829,2015
002836,2015
002837,2015
002838,2015
002841,2015
002843,2015
002848,2015
002849,2015
002849,2016
002851,2015
002851,2016
002853,2015
002853,2016
002855,2015
002855,2016
002857,2015
002860,2015
002860,2016
002861,2015
002861,2016
002862,2015
002862,2016
002866,2015
002866,2016
002867,2015
002867,2016
002869,2015
002869,2016
002870,2015
002870,2016
002871,2015
002871,2016
002875,2015
002875,2016
002877,2015
002877,2016
002879,2015
002879,2016
002881,2015
002881,2016
002884,2015
002884,2016
002895,2015
002895,2016
002898,2015
002898,2016
002899,2015
002899,2016
002900,2015
002900,2016
002902,2015
002902,2016
002906,2015
002906,2016
002909,2015
002909,2016
002910,2015
002910,2016
002915,2015
002915,2016
002916,2015
002916,2016
002917,2015
002917,2016
002918,2015
002918,2016
002919,2015
002919,2016
002921,2015
002921,2016
002925,2015
002925,2016
002932,2015
002932,2016
002932,2017
002933,2015
002933,2016
002933,2017
002935,2015
002935,2016
002935,2017
002938,2015
002938,2016
002938,2017
002940,2015
002940,2016
002940,2017
002942,2015
002942,2016
002942,2017
002946,2015
002946,2016
002946,2017
002950,2015
002950,2016
002950,2017
002952,2015
002952,2016
002952,2017
002952,2018
002953,2015
002953,2016
002953,2017
002953,2018
002955,2015
002955,2016
002955,2017
002955,2018
002956,2015
002956,2016
002956,2017
002956,2018
002957,2015
002957,2016
002957,2017
002957,2018
002959,2015
002959,2016
002959,2017
002959,2018
002960,2015
002960,2016
002960,2017
002960,2018
002969,2015
002969,2016
002969,2017
002969,2018
002971,2015
002971,2016
002971,2017
002971,2018
002975,2015
002975,2016
002975,2017
002975,2018
002977,2015
002977,2016
002977,2017
002977,2018
002977,2019
002980,2015
002980,2016
002980,2017
002980,2018
002980,2019
002981,2015
002981,2016
002981,2017
002981,2018
002981,2019
002983,2015
002983,2016
002983,2017
002983,2018
002983,2019
002984,2015
002984,2016
002984,2017
002984,2018
002984,2019
002985,2015
002985,2016
002985,2017
002985,2018
002985,2019
002986,2015
002986,2016
002986,2017
002986,2018
002986,2019
002991,2015
002991,2016
002991,2017
002991,2018
002991,2019
002993,2015
002993,2016
002993,2017
002993,2018
002993,2019
002998,2015
002998,2016
002998,2017
002998,2018
002998,2019
003002,2015
003002,2016
003002,2017
003002,2018
003002,2019
003009,2015
003009,2016
003009,2017
003009,2018
003009,2019
003012,2015
003012,2016
003012,2017
003012,2018
003012,2019
003017,2015
003017,2016
003017,2017
003017,2018
003017,2019
003019,2015
003019,2016
003019,2017
003019,2018
003019,2019
003022,2015
003022,2016
003022,2017
003022,2018
003022,2019
003025,2015
003025,2016
003025,2017
003025,2018
003025,2019
003028,2015
003028,2016
003028,2017
003028,2018
003028,2019
003030,2015
003030,2016
003030,2017
003030,2018
003030,2019
003031,2015
003031,2016
003031,2017
003031,2018
003031,2019
003033,2015
003033,2016
003033,2017
003033,2018
003033,2019
003036,2015
003036,2016
003036,2017
003036,2018
003036,2019
003037,2015
003037,2016
003037,2017
003037,2018
003037,2019
003040,2015
003040,2016
003040,2017
003040,2018
003040,2019
003042,2015
003042,2016
003042,2017
003042,2018
003042,2019
300023,2022
300028,2020
300028,2021
300028,2022
300156,2019
300156,2020
300156,2021
300156,2022
300186,2015
300186,2016
300186,2017
300186,2018
300186,2019
300186,2020
300186,2021
300186,2022
300202,2022
300216,2020
300216,2021
300216,2022
300362,2021
300362,2022
300474,2015
300502,2015
300504,2015
300504,2016
300509,2015
300510,2015
300514,2015
300514,2016
300515,2015
300516,2015
300521,2015
300522,2015
300526,2015
300527,2015
300529,2015
300530,2015
300534,2015
300535,2015
300537,2015
300539,2015
300545,2015
300546,2015
300547,2015
300548,2015
300551,2015
300553,2015
300557,2015
300562,2015
300563,2015
300565,2015
300566,2015
300567,2015
300572,2015
300573,2015
300575,2015
300577,2015
300580,2015
300581,2015
300582,2015
300583,2015
300586,2015
300587,2015
300590,2015
300591,2015
300593,2015
300594,2015
300594,2016
300594,2017
300594,2018
300595,2015
300596,2015
300599,2015
300600,2015
300601,2015
300602,2015
300604,2015
300604,2016
300616,2015
300616,2016
300617,2015
300617,2016
300620,2015
300620,2016
300625,2015
300625,2016
300627,2015
300627,2016
300628,2015
300628,2016
300629,2015
300629,2016
300630,2015
300630,2016
300631,2015
300632,2015
300632,2016
300633,2015
300639,2015
300639,2016
300640,2015
300640,2016
300641,2015
300641,2016
300642,2015
300642,2016
300643,2015
300643,2016
300644,2015
300644,2016
300644,2017
300647,2015
300647,2016
300648,2015
300648,2016
300651,2015
300651,2016
300652,2015
300652,2016
300653,2015
300653,2016
300655,2015
300655,2016
300656,2015
300656,2016
300658,2015
300658,2016
300660,2015
300660,2016
300665,2015
300665,2016
300666,2015
300666,2016
300667,2015
300667,2016
300669,2015
300669,2016
300670,2015
300670,2016
300672,2015
300672,2016
300680,2015
300680,2016
300685,2015
300685,2016
300691,2015
300691,2016
300693,2015
300693,2016
300695,2015
300695,2016
300696,2015
300696,2016
300698,2015
300698,2016
300701,2015
300701,2016
300702,2015
300702,2016
300703,2015
300703,2016
300705,2015
300705,2016
300707,2015
300707,2016
300708,2015
300708,2016
300709,2015
300709,2016
300710,2015
300710,2016
300715,2015
300715,2016
300716,2015
300716,2016
300717,2015
300717,2016
300719,2015
300719,2016
300721,2015
300721,2016
300722,2015
300722,2016
300724,2015
300724,2016
300724,2017
300725,2015
300725,2016
300726,2015
300726,2016
300729,2015
300729,2016
300733,2015
300733,2016
300737,2015
300737,2016
300740,2015
300740,2016
300740,2017
300741,2015
300741,2016
300741,2017
300743,2015
300743,2016
300743,2017
300745,2015
300745,2016
300745,2017
300747,2015
300747,2016
300747,2017
300748,2015
300748,2016
300748,2017
300749,2015
300749,2016
300749,2017
300750,2015
300750,2016
300750,2017
300753,2015
300753,2016
300753,2017
300756,2015
300756,2016
300756,2017
300757,2015
300757,2016
300757,2017
300758,2015
300758,2016
300758,2017
300760,2015
300760,2016
300760,2017
300762,2015
300762,2016
300762,2017
300762,2018
300763,2015
300763,2016
300763,2017
300763,2018
300765,2015
300765,2016
300765,2017
300765,2018
300767,2015
300767,2016
300767,2017
300767,2018
300771,2015
300771,2016
300771,2017
300771,2018
300772,2015
300772,2016
300772,2017
300772,2018
300775,2015
300775,2016
300775,2017
300775,2018
300776,2015
300776,2016
300776,2017
300776,2018
300777,2015
300777,2016
300777,2017
300777,2018
300779,2015
300779,2016
300779,2017
300779,2018
300780,2015
300780,2016
300780,2017
300780,2018
300782,2015
300782,2016
300782,2017
300782,2018
300786,2015
300786,2016
300786,2017
300786,2018
300791,2015
300791,2016
300791,2017
300791,2018
300793,2015
300793,2016
300793,2017
300793,2018
300798,2015
300798,2016
300798,2017
300798,2018
300800,2015
300800,2016
300800,2017
300800,2018
300801,2015
300801,2016
300801,2017
300801,2018
300802,2015
300802,2016
300802,2017
300802,2018
300807,2015
300807,2016
300807,2017
300807,2018
300808,2015
300808,2016
300808,2017
300808,2018
300809,2015
300809,2016
300809,2017
300809,2018
300813,2015
300813,2016
300813,2017
300813,2018
300818,2015
300818,2016
300818,2017
300818,2018
300820,2015
300820,2016
300820,2017
300820,2018
300823,2015
300823,2016
300823,2017
300823,2018
300823,2019
300827,2015
300827,2016
300827,2017
300827,2018
300827,2019
300828,2015
300828,2016
300828,2017
300828,2018
300828,2019
300831,2015
300831,2016
300831,2017
300831,2018
300831,2019
300832,2015
300832,2016
300832,2017
300832,2018
300832,2019
300833,2015
300833,2016
300833,2017
300833,2018
300833,2019
300834,2015
300834,2016
300834,2017
300834,2018
300834,2019
300834,2020
300837,2015
300837,2016
300837,2017
300837,2018
300837,2019
300838,2015
300838,2016
300838,2017
300838,2018
300838,2019
300839,2015
300839,2016
300839,2017
300839,2018
300839,2019
300840,2015
300840,2016
300840,2017
300840,2018
300840,2019
300841,2015
300841,2016
300841,2017
300841,2018
300841,2019
300842,2015
300842,2016
300842,2017
300842,2018
300842,2019
300843,2015
300843,2016
300843,2017
300843,2018
300843,2019
300847,2015
300847,2016
300847,2017
300847,2018
300847,2019
300848,2015
300848,2016
300848,2017
300848,2018
300848,2019
300849,2015
300849,2016
300849,2017
300849,2018
300849,2019
300853,2015
300853,2016
300853,2017
300853,2018
300853,2019
300855,2015
300855,2016
300855,2017
300855,2018
300855,2019
300856,2015
300856,2016
300856,2017
300856,2018
300856,2019
300857,2015
300857,2016
300857,2017
300857,2018
300857,2019
300858,2015
300858,2016
300858,2017
300858,2018
300858,2019
300862,2015
300862,2016
300862,2017
300862,2018
300862,2019
300865,2015
300865,2016
300865,2017
300865,2018
300865,2019
300866,2015
300866,2016
300866,2017
300866,2018
300866,2019
300869,2015
300869,2016
300869,2017
300869,2018
300869,2019
300871,2015
300871,2016
300871,2017
300871,2018
300871,2019
300875,2015
300875,2016
300875,2017
300875,2018
300875,2019
300880,2015
300880,2016
300880,2017
300880,2018
300880,2019
300882,2015
300882,2016
300882,2017
300882,2018
300882,2019
300883,2015
300883,2016
300883,2017
300883,2018
300883,2019
300884,2015
300884,2016
300884,2017
300884,2018
300884,2019
300888,2015
300888,2016
300888,2017
300888,2018
300888,2019
300889,2015
300889,2016
300889,2017
300889,2018
300889,2019
300896,2015
300896,2016
300896,2017
300896,2018
300896,2019
300897,2015
300897,2016
300897,2017
300897,2018
300897,2019
300900,2015
300900,2016
300900,2017
300900,2018
300900,2019
300902,2015
300902,2016
300902,2017
300902,2018
300902,2019
300903,2015
300903,2016
300903,2017
300903,2018
300903,2019
300904,2015
300904,2016
300904,2017
300904,2018
300904,2019
300904,2020
300904,2021
300904,2022
300905,2015
300905,2016
300905,2017
300905,2018
300905,2019
300906,2015
300906,2016
300906,2017
300906,2018
300906,2019
300911,2015
300911,2016
300911,2017
300911,2018
300911,2019
300913,2015
300913,2016
300913,2017
300913,2018
300913,2019
300915,2015
300915,2016
300915,2017
300915,2018
300915,2019
300918,2015
300918,2016
300918,2017
300918,2018
300918,2019
300920,2015
300920,2016
300920,2017
300920,2018
300920,2019
300922,2015
300922,2016
300922,2017
300922,2018
300922,2019
300923,2015
300923,2016
300923,2017
300923,2018
300923,2019
300926,2015
300926,2016
300926,2017
300926,2018
300926,2019
300931,2015
300931,2016
300931,2017
300931,2018
300931,2019
300932,2015
300932,2016
300932,2017
300932,2018
300932,2019
300933,2015
300933,2016
300933,2017
300933,2018
300933,2019
300936,2015
300936,2016
300936,2017
300936,2018
300936,2019
300939,2015
300939,2016
300939,2017
300939,2018
300939,2019
300942,2015
300942,2016
300942,2017
300942,2018
300942,2019
300946,2015
300946,2016
300946,2017
300946,2018
300946,2019
300951,2015
300951,2016
300951,2017
300951,2018
300951,2019
300952,2015
300952,2016
300952,2017
300952,2018
300952,2019
300955,2015
300955,2016
300955,2017
300955,2018
300955,2019
300960,2015
300960,2016
300960,2017
300960,2018
300960,2019
300962,2015
300962,2016
300962,2017
300962,2018
300962,2019
300964,2015
300964,2016
300964,2017
300964,2018
300964,2019
300964,2020
300965,2015
300965,2016
300965,2017
300965,2018
300965,2019
300966,2015
300966,2016
300966,2017
300966,2018
300966,2019
300968,2015
300968,2016
300968,2017
300968,2018
300968,2019
300971,2015
300971,2016
300971,2017
300971,2018
300971,2019
300978,2015
300978,2016
300978,2017
300978,2018
300978,2019
300979,2015
300979,2016
300979,2017
300979,2018
300979,2019
300979,2020
300980,2015
300980,2016
300980,2017
300980,2018
300980,2019
300985,2015
300985,2016
300985,2017
300985,2018
300985,2019
300985,2020
300986,2015
300986,2016
300986,2017
300986,2018
300986,2019
300986,2020
300988,2015
300988,2016
300988,2017
300988,2018
300988,2019
300988,2020
300990,2015
300990,2016
300990,2017
300990,2018
300990,2019
300990,2020
300994,2015
300994,2016
300994,2017
300994,2018
300994,2019
300994,2020
300998,2015
300998,2016
300998,2017
300998,2018
300998,2019
300998,2020
300999,2015
300999,2016
300999,2017
300999,2018
300999,2019
301000,2015
301000,2016
301000,2017
301000,2018
301000,2019
301000,2020
301006,2015
301006,2016
301006,2017
301006,2018
301006,2019
301006,2020
301011,2015
301011,2016
301011,2017
301011,2018
301011,2019
301011,2020
301012,2015
301012,2016
301012,2017
301012,2018
301012,2019
301012,2020
301016,2015
301016,2016
301016,2017
301016,2018
301016,2019
301016,2020
301018,2015
301018,2016
301018,2017
301018,2018
301018,2019
301018,2020
301021,2015
301021,2016
301021,2017
301021,2018
301021,2019
301021,2020
301022,2015
301022,2016
301022,2017
301022,2018
301022,2019
301022,2020
301023,2015
301023,2016
301023,2017
301023,2018
301023,2019
301023,2020
301026,2015
301026,2016
301026,2017
301026,2018
301026,2019
301026,2020
301028,2015
301028,2016
301028,2017
301028,2018
301028,2019
301028,2020
301029,2015
301029,2016
301029,2017
301029,2018
301029,2019
301029,2020
301030,2015
301030,2016
301030,2017
301030,2018
301030,2019
301030,2020
301031,2015
301031,2016
301031,2017
301031,2018
301031,2019
301031,2020
301032,2015
301032,2016
301032,2017
301032,2018
301032,2019
301032,2020
301033,2015
301033,2016
301033,2017
301033,2018
301033,2019
301033,2020
301035,2015
301035,2016
301035,2017
301035,2018
301035,2019
301035,2020
301036,2015
301036,2016
301036,2017
301036,2018
301036,2019
301036,2020
301040,2015
301040,2016
301040,2017
301040,2018
301040,2019
301040,2020
301042,2015
301042,2016
301042,2017
301042,2018
301042,2019
301042,2020
301043,2015
301043,2016
301043,2017
301043,2018
301043,2019
301043,2020
301048,2015
301048,2016
301048,2017
301048,2018
301048,2019
301048,2020
301050,2015
301050,2016
301050,2017
301050,2018
301050,2019
301050,2020
301051,2015
301051,2016
301051,2017
301051,2018
301051,2019
301051,2020
301055,2015
301055,2016
301055,2017
301055,2018
301055,2019
301055,2020
301056,2015
301056,2016
301056,2017
301056,2018
301056,2019
301056,2020
301063,2015
301063,2016
301063,2017
301063,2018
301063,2019
301063,2020
301065,2015
301065,2016
301065,2017
301065,2018
301065,2019
301065,2020
301066,2015
301066,2016
301066,2017
301066,2018
301066,2019
301066,2020
301068,2015
301068,2016
301068,2017
301068,2018
301068,2019
301068,2020
301069,2015
301069,2016
301069,2017
301069,2018
301069,2019
301069,2020
301070,2015
301070,2016
301070,2017
301070,2018
301070,2019
301070,2020
301072,2015
301072,2016
301072,2017
301072,2018
301072,2019
301072,2020
301075,2015
301075,2016
301075,2017
301075,2018
301075,2019
301075,2020
301076,2015
301076,2016
301076,2017
301076,2018
301076,2019
301076,2020
301077,2015
301077,2016
301077,2017
301077,2018
301077,2019
301077,2020
301079,2015
301079,2016
301079,2017
301079,2018
301079,2019
301079,2020
301081,2015
301081,2016
301081,2017
301081,2018
301081,2019
301081,2020
301083,2015
301083,2016
301083,2017
301083,2018
301083,2019
301083,2020
301087,2015
301087,2016
301087,2017
301087,2018
301087,2019
301087,2020
301089,2015
301089,2016
301089,2017
301089,2018
301089,2019
301089,2020
301090,2015
301090,2016
301090,2017
301090,2018
301090,2019
301090,2020
301092,2015
301092,2016
301092,2017
301092,2018
301092,2019
301092,2020
301097,2015
301097,2016
301097,2017
301097,2018
301097,2019
301097,2020
301100,2015
301100,2016
301100,2017
301100,2018
301100,2019
301100,2020
301101,2015
301101,2016
301101,2017
301101,2018
301101,2019
301101,2020
301106,2015
301106,2016
301106,2017
301106,2018
301106,2019
301106,2020
301107,2015
301107,2016
301107,2017
301107,2018
301107,2019
301107,2020
301107,2021
301108,2015
301108,2016
301108,2017
301108,2018
301108,2019
301108,2020
301113,2015
301113,2016
301113,2017
301113,2018
301113,2019
301113,2020
301120,2015
301120,2016
301120,2017
301120,2018
301120,2019
301120,2020
301120,2021
301122,2015
301122,2016
301122,2017
301122,2018
301122,2019
301122,2020
301123,2015
301123,2016
301123,2017
301123,2018
301123,2019
301123,2020
301129,2015
301129,2016
301129,2017
301129,2018
301129,2019
301129,2020
301135,2015
301135,2016
301135,2017
301135,2018
301135,2019
301135,2020
301135,2021
301138,2015
301138,2016
301138,2017
301138,2018
301138,2019
301138,2020
301150,2015
301150,2016
301150,2017
301150,2018
301150,2019
301150,2020
301150,2021
301151,2015
301151,2016
301151,2017
301151,2018
301151,2019
301151,2020
301156,2015
301156,2016
301156,2017
301156,2018
301156,2019
301156,2020
301156,2021
301157,2015
301157,2016
301157,2017
301157,2018
301157,2019
301157,2020
301157,2021
301158,2015
301158,2016
301158,2017
301158,2018
301158,2019
301158,2020
301160,2015
301160,2016
301160,2017
301160,2018
301160,2019
301160,2020
301160,2021
301161,2015
301161,2016
301161,2017
301161,2018
301161,2019
301161,2020
301161,2021
301165,2015
301165,2016
301165,2017
301165,2018
301165,2019
301165,2020
301165,2021
301168,2015
301168,2016
301168,2017
301168,2018
301168,2019
301168,2020
301187,2015
301187,2016
301187,2017
301187,2018
301187,2019
301187,2020
301187,2021
301190,2015
301190,2016
301190,2017
301190,2018
301190,2019
301190,2020
301191,2015
301191,2016
301191,2017
301191,2018
301191,2019
301191,2020
301191,2021
301193,2015
301193,2016
301193,2017
301193,2018
301193,2019
301193,2020
301196,2015
301196,2016
301196,2017
301196,2018
301196,2019
301196,2020
301198,2015
301198,2016
301198,2017
301198,2018
301198,2019
301198,2020
301199,2015
301199,2016
301199,2017
301199,2018
301199,2019
301199,2020
301200,2015
301200,2016
301200,2017
301200,2018
301200,2019
301200,2020
301202,2015
301202,2016
301202,2017
301202,2018
301202,2019
301202,2020
301202,2021
301202,2022
301205,2015
301205,2016
301205,2017
301205,2018
301205,2019
301205,2020
301205,2021
301206,2015
301206,2016
301206,2017
301206,2018
301206,2019
301206,2020
301209,2015
301209,2016
301209,2017
301209,2018
301209,2019
301209,2020
301209,2021
301211,2015
301211,2016
301211,2017
301211,2018
301211,2019
301211,2020
301216,2015
301216,2016
301216,2017
301216,2018
301216,2019
301216,2020
301217,2015
301217,2016
301217,2017
301217,2018
301217,2019
301217,2020
301219,2015
301219,2016
301219,2017
301219,2018
301219,2019
301219,2020
301223,2015
301223,2016
301223,2017
301223,2018
301223,2019
301223,2020
301223,2021
301226,2015
301226,2016
301226,2017
301226,2018
301226,2019
301226,2020
301227,2015
301227,2016
301227,2017
301227,2018
301227,2019
301227,2020
301227,2021
301229,2015
301229,2016
301229,2017
301229,2018
301229,2019
301229,2020
301232,2015
301232,2016
301232,2017
301232,2018
301232,2019
301232,2020
301232,2021
301232,2022
301237,2015
301237,2016
301237,2017
301237,2018
301237,2019
301237,2020
301238,2015
301238,2016
301238,2017
301238,2018
301238,2019
301238,2020
301238,2021
301246,2015
301246,2016
301246,2017
301246,2018
301246,2019
301246,2020
301246,2021
301256,2015
301256,2016
301256,2017
301256,2018
301256,2019
301256,2020
301258,2015
301258,2016
301258,2017
301258,2018
301258,2019
301258,2020
301260,2015
301260,2016
301260,2017
301260,2018
301260,2019
301260,2020
301260,2021
301265,2015
301265,2016
301265,2017
301265,2018
301265,2019
301265,2020
301265,2021
301266,2015
301266,2016
301266,2017
301266,2018
301266,2019
301266,2020
301266,2021
301272,2015
301272,2016
301272,2017
301272,2018
301272,2019
301272,2020
301272,2021
301272,2022
301273,2015
301273,2016
301273,2017
301273,2018
301273,2019
301273,2020
301273,2021
301276,2015
301276,2016
301276,2017
301276,2018
301276,2019
301276,2020
301276,2021
301278,2015
301278,2016
301278,2017
301278,2018
301278,2019
301278,2020
301278,2021
301279,2015
301279,2016
301279,2017
301279,2018
301279,2019
301279,2020
301280,2015
301280,2016
301280,2017
301280,2018
301280,2019
301280,2020
301280,2021
301285,2015
301285,2016
301285,2017
301285,2018
301285,2019
301285,2020
301285,2021
301286,2015
301286,2016
301286,2017
301286,2018
301286,2019
301286,2020
301286,2021
301287,2015
301287,2016
301287,2017
301287,2018
301287,2019
301287,2020
301287,2021
301287,2022
301288,2015
301288,2016
301288,2017
301288,2018
301288,2019
301288,2020
301288,2021
301290,2015
301290,2016
301290,2017
301290,2018
301290,2019
301290,2020
301290,2021
301292,2015
301292,2016
301292,2017
301292,2018
301292,2019
301292,2020
301292,2021
301292,2022
301295,2015
301295,2016
301295,2017
301295,2018
301295,2019
301295,2020
301295,2021
301295,2022
301296,2015
301296,2016
301296,2017
301296,2018
301296,2019
301296,2020
301296,2021
301298,2015
301298,2016
301298,2017
301298,2018
301298,2019
301298,2020
301298,2021
301303,2015
301303,2016
301303,2017
301303,2018
301303,2019
301303,2020
301303,2021
301308,2015
301308,2016
301308,2017
301308,2018
301308,2019
301308,2020
301308,2021
301311,2015
301311,2016
301311,2017
301311,2018
301311,2019
301311,2020
301311,2021
301312,2015
301312,2016
301312,2017
301312,2018
301312,2019
301312,2020
301312,2021
301317,2015
301317,2016
301317,2017
301317,2018
301317,2019
301317,2020
301317,2021
301318,2015
301318,2016
301318,2017
301318,2018
301318,2019
301318,2020
301318,2021
301319,2015
301319,2016
301319,2017
301319,2018
301319,2019
301319,2020
301319,2021
301321,2015
301321,2016
301321,2017
301321,2018
301321,2019
301321,2020
301321,2021
301322,2015
301322,2016
301322,2017
301322,2018
301322,2019
301322,2020
301322,2021
301326,2015
301326,2016
301326,2017
301326,2018
301326,2019
301326,2020
301326,2021
301327,2015
301327,2016
301327,2017
301327,2018
301327,2019
301327,2020
301327,2021
301330,2015
301330,2016
301330,2017
301330,2018
301330,2019
301330,2020
301330,2021
301331,2015
301331,2016
301331,2017
301331,2018
301331,2019
301331,2020
301331,2021
301332,2015
301332,2016
301332,2017
301332,2018
301332,2019
301332,2020
301332,2021
301332,2022
301335,2015
301335,2016
301335,2017
301335,2018
301335,2019
301335,2020
301335,2021
301336,2015
301336,2016
301336,2017
301336,2018
301336,2019
301336,2020
301336,2021
301338,2015
301338,2016
301338,2017
301338,2018
301338,2019
301338,2020
301338,2021
301345,2015
301345,2016
301345,2017
301345,2018
301345,2019
301345,2020
301345,2021
301356,2015
301356,2016
301356,2017
301356,2018
301356,2019
301356,2020
301356,2021
301357,2015
301357,2016
301357,2017
301357,2018
301357,2019
301357,2020
301357,2021
301360,2015
301360,2016
301360,2017
301360,2018
301360,2019
301360,2020
301360,2021
301360,2022
301361,2015
301361,2016
301361,2017
301361,2018
301361,2019
301361,2020
301361,2021
301362,2015
301362,2016
301362,2017
301362,2018
301362,2019
301362,2020
301362,2021
301362,2022
301363,2015
301363,2016
301363,2017
301363,2018
301363,2019
301363,2020
301363,2021
301369,2015
301369,2016
301369,2017
301369,2018
301369,2019
301369,2020
301369,2021
301371,2015
301371,2016
301371,2017
301371,2018
301371,2019
301371,2020
301371,2021
301371,2022
301373,2015
301373,2016
301373,2017
301373,2018
301373,2019
301373,2020
301373,2021
301379,2015
301379,2016
301379,2017
301379,2018
301379,2019
301379,2020
301379,2021
301383,2015
301383,2016
301383,2017
301383,2018
301383,2019
301383,2020
301383,2021
301383,2022
301386,2015
301386,2016
301386,2017
301386,2018
301386,2019
301386,2020
301386,2021
301387,2015
301387,2016
301387,2017
301387,2018
301387,2019
301387,2020
301387,2021
301387,2022
301388,2015
301388,2016
301388,2017
301388,2018
301388,2019
301388,2020
301388,2021
301389,2015
301389,2016
301389,2017
301389,2018
301389,2019
301389,2020
301389,2021
301391,2015
301391,2016
301391,2017
301391,2018
301391,2019
301391,2020
301391,2021
301393,2015
301393,2016
301393,2017
301393,2018
301393,2019
301393,2020
301393,2021
301393,2022
301395,2015
301395,2016
301395,2017
301395,2018
301395,2019
301395,2020
301395,2021
301395,2022
301397,2015
301397,2016
301397,2017
301397,2018
301397,2019
301397,2020
301397,2021
301397,2022
301399,2015
301399,2016
301399,2017
301399,2018
301399,2019
301399,2020
301399,2021
301399,2022
301418,2015
301418,2016
301418,2017
301418,2018
301418,2019
301418,2020
301418,2021
301418,2022
301419,2015
301419,2016
301419,2017
301419,2018
301419,2019
301419,2020
301419,2021
301446,2015
301446,2016
301446,2017
301446,2018
301446,2019
301446,2020
301446,2021
301446,2022
301456,2015
301456,2016
301456,2017
301456,2018
301456,2019
301456,2020
301456,2021
301456,2022
301469,2015
301469,2016
301469,2017
301469,2018
301469,2019
301469,2020
301469,2021
301469,2022
301486,2015
301486,2016
301486,2017
301486,2018
301486,2019
301486,2020
301486,2021
301486,2022
301488,2015
301488,2016
301488,2017
301488,2018
301488,2019
301488,2020
301488,2021
301488,2022
301489,2015
301489,2016
301489,2017
301489,2018
301489,2019
301489,2020
301489,2021
301489,2022
301499,2015
301499,2016
301499,2017
301499,2018
301499,2019
301499,2020
301499,2021
301499,2022
301507,2015
301507,2016
301507,2017
301507,2018
301507,2019
301507,2020
301507,2021
301507,2022
301509,2015
301509,2016
301509,2017
301509,2018
301509,2019
301509,2020
301509,2021
301509,2022
301510,2015
301510,2016
301510,2017
301510,2018
301510,2019
301510,2020
301510,2021
301510,2022
301512,2015
301512,2016
301512,2017
301512,2018
301512,2019
301512,2020
301512,2021
301512,2022
301515,2015
301515,2016
301515,2017
301515,2018
301515,2019
301515,2020
301515,2021
301515,2022
301517,2015
301517,2016
301517,2017
301517,2018
301517,2019
301517,2020
301517,2021
301517,2022
301525,2015
301525,2016
301525,2017
301525,2018
301525,2019
301525,2020
301525,2021
301525,2022
301548,2015
301548,2016
301548,2017
301548,2018
301548,2019
301548,2020
301548,2021
301548,2022
301559,2015
301559,2016
301559,2017
301559,2018
301559,2019
301559,2020
301559,2021
301559,2022
430047,2015
430047,2016
430047,2017
430047,2018
430047,2019
430047,2020
430198,2015
430198,2016
430198,2017
430198,2018
430198,2019
430198,2020
430300,2015
430300,2016
430300,2017
430300,2018
430300,2019
430300,2020
430300,2021
430476,2015
430476,2016
430476,2017
430476,2018
430476,2019
430476,2020
430476,2021
430556,2015
430556,2016
430556,2017
430556,2018
430556,2019
430556,2020
430556,2021
430718,2015
430718,2016
430718,2017
430718,2018
430718,2019
430718,2020
430718,2021
600001,2015
600001,2016
600001,2017
600001,2018
600001,2019
600001,2020
600001,2021
600001,2022
600002,2015
600002,2016
600002,2017
600002,2018
600002,2019
600002,2020
600002,2021
600002,2022
600069,2020
600069,2021
600069,2022
600074,2020
600074,2021
600074,2022
600091,2022
600145,2021
600145,2022
600253,2015
600253,2016
600253,2017
600253,2018
600253,2019
600253,2020
600253,2021
600253,2022
600357,2015
600357,2016
600357,2017
600357,2018
600357,2019
600357,2020
600357,2021
600357,2022
600553,2015
600553,2016
600553,2017
600553,2018
600553,2019
600553,2020
600553,2021
600553,2022
600614,2021
600614,2022
600687,2020
600687,2021
600687,2022
600781,2020
600806,2018
600806,2019
600806,2020
600806,2021
600806,2022
600842,2015
600842,2016
600842,2017
600842,2018
600842,2019
600842,2020
600842,2021
600842,2022
600870,2022
600891,2021
600891,2022
600929,2015
600929,2016
600929,2017
600935,2015
600935,2016
600935,2017
600935,2018
600935,2019
600935,2020
600991,2015
600991,2016
600991,2017
600991,2018
600991,2019
600991,2020
600991,2021
600991,2022
601065,2015
601065,2016
601065,2017
601065,2018
601065,2019
601065,2020
601065,2021
601089,2015
601089,2016
601089,2017
601089,2018
601089,2019
601089,2020
601089,2021
601127,2015
601138,2015
601138,2016
601138,2017
601163,2015
601212,2015
601279,2015
601279,2016
601279,2017
601279,2018
601279,2019
601279,2020
601299,2015
601299,2016
601299,2017
601299,2018
601299,2019
601299,2020
601299,2021
601299,2022
601558,2020
601558,2021
601558,2022
601609,2015
601609,2016
601609,2017
601609,2018
601609,2019
601615,2015
601615,2016
601615,2017
601702,2015
601702,2016
601702,2017
601702,2018
601702,2019
601865,2015
601865,2016
601865,2017
601869,2015
601869,2016
601869,2017
601952,2015
601952,2016
601956,2015
601956,2016
601956,2017
601956,2018
601956,2019
601966,2015
603013,2015
603013,2016
603013,2017
603016,2015
603028,2015
603029,2015
603032,2015
603033,2015
603035,2015
603036,2015
603040,2015
603042,2015
603042,2016
603043,2015
603043,2016
603045,2015
603045,2016
603045,2017
603048,2015
603048,2016
603048,2017
603048,2018
603048,2019
603048,2020
603050,2015
603050,2016
603057,2015
603057,2016
603057,2017
603057,2018
603057,2019
603057,2020
603057,2021
603059,2015
603059,2016
603059,2017
603061,2015
603061,2016
603061,2017
603061,2018
603061,2019
603061,2020
603061,2021
603065,2015
603065,2016
603065,2017
603065,2018
603065,2019
603065,2020
603065,2021
603068,2015
603068,2016
603068,2017
603068,2018
603075,2015
603075,2016
603075,2017
603075,2018
603075,2019
603075,2020
603075,2021
603075,2022
603076,2015
603076,2016
603078,2015
603078,2016
603079,2015
603079,2016
603081,2015
603081,2016
603083,2015
603083,2016
603090,2015
603097,2015
603097,2016
603097,2017
603097,2018
603097,2019
603097,2020
603097,2021
603105,2015
603105,2016
603105,2017
603106,2015
603106,2016
603109,2015
603109,2016
603109,2017
603109,2018
603112,2015
603112,2016
603112,2017
603112,2018
603112,2019
603119,2015
603119,2016
603119,2017
603119,2018
603119,2019
603119,2020
603119,2021
603119,2022
603121,2015
603121,2016
603121,2017
603125,2015
603125,2016
603125,2017
603125,2018
603125,2019
603125,2020
603125,2021
603129,2015
603129,2016
603130,2015
603130,2016
603130,2017
603130,2018
603130,2019
603130,2020
603130,2021
603131,2015
603135,2015
603135,2016
603135,2017
603135,2018
603135,2019
603135,2020
603135,2021
603135,2022
603139,2015
603139,2016
603150,2015
603150,2016
603150,2017
603150,2018
603150,2019
603150,2020
603151,2015
603151,2016
603151,2017
603151,2018
603151,2019
603151,2020
603151,2021
603155,2015
603155,2016
603155,2017
603155,2018
603155,2019
603157,2015
603157,2016
603157,2022
603165,2015
603170,2015
603170,2016
603170,2017
603170,2018
603170,2019
603170,2020
603170,2021
603173,2015
603173,2016
603173,2017
603173,2018
603173,2019
603173,2020
603173,2021
603180,2015
603180,2016
603181,2015
603181,2016
603186,2015
603187,2015
603187,2016
603187,2017
603191,2015
603191,2016
603191,2017
603191,2018
603191,2019
603191,2020
603191,2021
603192,2015
603192,2016
603192,2017
603193,2015
603193,2016
603193,2017
603193,2018
603193,2019
603193,2020
603193,2021
603193,2022
603196,2015
603196,2016
603197,2015
603197,2016
603201,2015
603201,2016
603201,2017
603201,2018
603201,2019
603201,2020
603201,2021
603203,2015
603208,2015
603211,2015
603211,2016
603211,2017
603211,2018
603211,2019
603211,2020
603211,2021
603212,2015
603212,2016
603212,2017
603212,2018
603212,2019
603213,2015
603213,2016
603213,2017
603213,2018
603213,2019
603213,2020
603215,2015
603215,2016
603215,2017
603215,2018
603215,2019
603215,2020
603216,2015
603216,2016
603216,2017
603216,2018
603216,2019
603216,2020
603218,2015
603219,2015
603219,2016
603219,2017
603219,2018
603219,2019
603219,2020
603225,2015
603225,2016
603226,2015
603226,2016
603229,2015
603229,2016
603236,2015
603236,2016
603236,2017
603236,2018
603237,2015
603237,2016
603237,2017
603237,2018
603237,2019
603237,2020
603237,2021
603239,2015
603256,2015
603256,2016
603256,2017
603256,2018
603260,2015
603260,2016
603261,2015
603261,2016
603261,2017
603261,2018
603261,2019
603261,2020
603267,2015
603267,2016
603267,2017
603267,2018
603269,2015
603269,2016
603270,2015
603270,2016
603270,2017
603270,2018
603270,2019
603270,2020
603270,2021
603270,2022
603272,2015
603272,2016
603272,2017
603272,2018
603272,2019
603272,2020
603272,2021
603275,2015
603275,2016
603275,2017
603275,2018
603275,2019
603275,2020
603275,2021
603275,2022
603276,2015
603276,2016
603276,2017
603276,2018
603276,2019
603276,2020
603276,2021
603276,2022
603277,2015
603277,2016
603279,2015
603279,2016
603279,2017
603279,2018
603280,2015
603280,2016
603280,2017
603280,2018
603280,2019
603280,2020
603280,2021
603281,2015
603281,2016
603281,2017
603281,2018
603281,2019
603281,2020
603281,2021
603282,2015
603282,2016
603282,2017
603282,2018
603282,2019
603282,2020
603282,2021
603282,2022
603283,2015
603283,2016
603289,2015
603289,2016
603290,2015
603290,2016
603290,2017
603290,2018
603296,2015
603296,2016
603296,2017
603296,2018
603296,2019
603296,2020
603296,2021
603296,2022
603298,2015
603303,2015
603303,2016
603317,2015
603317,2016
603317,2017
603317,2018
603319,2015
603324,2015
603324,2016
603324,2017
603324,2018
603324,2019
603324,2020
603326,2015
603326,2016
603327,2015
603327,2016
603327,2017
603327,2018
603336,2015
603337,2015
603339,2015
603345,2015
603356,2015
603356,2016
603363,2015
603363,2016
603367,2015
603367,2016
603378,2015
603378,2016
603380,2015
603380,2016
603385,2015
603385,2016
603386,2015
603386,2016
603387,2015
603387,2016
603389,2015
603390,2015
603390,2016
603390,2017
603390,2018
603392,2015
603392,2016
603392,2017
603392,2018
603392,2019
603408,2015
603408,2016
603408,2017
603408,2018
603408,2019
603416,2015
603429,2015
603439,2015
603439,2016
603439,2017
603439,2018
603439,2019
603486,2015
603486,2016
603486,2017
603488,2015
603488,2016
603496,2015
603496,2016
603499,2015
603499,2016
603500,2015
603500,2016
603511,2015
603511,2016
603511,2017
603511,2018
603511,2019
603511,2020
603515,2015
603516,2015
603516,2016
603517,2015
603517,2016
603529,2015
603529,2016
603529,2017
603529,2018
603529,2019
603529,2020
603530,2015
603530,2016
603530,2017
603530,2018
603536,2015
603536,2016
603551,2015
603551,2016
603551,2017
603551,2018
603556,2015
603579,2015
603580,2015
603580,2016
603585,2015
603586,2015
603586,2016
603587,2015
603587,2016
603587,2017
603590,2015
603590,2016
603590,2017
603596,2015
603596,2016
603596,2017
603605,2015
603605,2016
603610,2015
603610,2016
603610,2017
603610,2018
603612,2015
603612,2016
603617,2015
603617,2016
603628,2015
603629,2015
603629,2016
603629,2017
603633,2015
603638,2015
603639,2015
603650,2015
603650,2016
603650,2017
603656,2015
603656,2016
603658,2015
603659,2015
603659,2016
603660,2015
603662,2015
603662,2016
603662,2017
603662,2018
603663,2015
603665,2015
603665,2016
603666,2015
603666,2016
603666,2017
603668,2015
603676,2015
603676,2016
603679,2015
603679,2016
603680,2015
603680,2016
603690,2015
603697,2015
603697,2016
603697,2017
603697,2018
603700,2015
603700,2016
603700,2017
603701,2015
603707,2015
603707,2016
603711,2015
603711,2016
603712,2015
603712,2016
603728,2015
603728,2016
603730,2015
603730,2016
603733,2015
603733,2016
603733,2017
603737,2015
603738,2015
603755,2015
603755,2016
603755,2017
603755,2018
603757,2015
603757,2016
603767,2015
603767,2016
603768,2015
603768,2016
603779,2015
603786,2015
603786,2016
603786,2017
603786,2018
603787,2015
603787,2016
603790,2015
603790,2016
603790,2017
603798,2015
603801,2015
603801,2016
603816,2015
603829,2015
603829,2016
603833,2015
603833,2016
603839,2015
603848,2015
603848,2016
603855,2015
603855,2016
603856,2015
603856,2016
603861,2015
603868,2015
603876,2015
603876,2016
603876,2017
603877,2015
603879,2015
603879,2016
603886,2015
603893,2015
603893,2016
603893,2017
603893,2018
603895,2015
603895,2016
603896,2015
603896,2016
603897,2015
603897,2016
603897,2017
603912,2015
603912,2016
603916,2015
603916,2016
603917,2015
603917,2016
603920,2015
603920,2016
603928,2015
603931,2015
603931,2016
603931,2017
603931,2018
603931,2019
603933,2015
603933,2016
603948,2015
603948,2016
603948,2017
603948,2018
603948,2019
603949,2015
603949,2016
603949,2017
603949,2018
603949,2019
603956,2015
603956,2016
603956,2017
603958,2015
603960,2015
603960,2016
603966,2015
603976,2015
603976,2016
603977,2015
603983,2015
603983,2016
603983,2017
603983,2018
603986,2015
603987,2015
603995,2015
603995,2016
603995,2017
603995,2018
605001,2015
605001,2016
605001,2017
605001,2018
605001,2019
605003,2015
605003,2016
605003,2017
605003,2018
605003,2019
605005,2015
605005,2016
605005,2017
605005,2018
605005,2019
605007,2015
605007,2016
605007,2017
605007,2018
605007,2019
605018,2015
605018,2016
605018,2017
605018,2018
605018,2019
605033,2015
605033,2016
605033,2017
605033,2018
605033,2019
605033,2020
605060,2015
605060,2016
605060,2017
605060,2018
605060,2019
605066,2015
605066,2016
605066,2017
605066,2018
605066,2019
605080,2015
605080,2016
605080,2017
605080,2018
605080,2019
605080,2020
605088,2015
605088,2016
605088,2017
605088,2018
605088,2019
605089,2015
605089,2016
605089,2017
605089,2018
605089,2019
605089,2020
605100,2015
605100,2016
605100,2017
605100,2018
605100,2019
605111,2015
605111,2016
605111,2017
605111,2018
605111,2019
605116,2015
605116,2016
605116,2017
605116,2018
605116,2019
605122,2015
605122,2016
605122,2017
605122,2018
605122,2019
605123,2015
605123,2016
605123,2017
605123,2018
605123,2019
605138,2015
605138,2016
605138,2017
605138,2018
605138,2019
605138,2020
605151,2015
605151,2016
605151,2017
605151,2018
605151,2019
605155,2015
605155,2016
605155,2017
605155,2018
605155,2019
605166,2015
605166,2016
605166,2017
605166,2018
605166,2019
605179,2015
605179,2016
605179,2017
605179,2018
605179,2019
605180,2015
605180,2016
605180,2017
605180,2018
605180,2019
605180,2020
605186,2015
605186,2016
605186,2017
605186,2018
605186,2019
605196,2015
605196,2016
605196,2017
605196,2018
605196,2019
605196,2020
605199,2015
605199,2016
605199,2017
605199,2018
605199,2019
605218,2015
605218,2016
605218,2017
605218,2018
605218,2019
605222,2015
605222,2016
605222,2017
605222,2018
605222,2019
605255,2015
605255,2016
605255,2017
605255,2018
605255,2019
605268,2015
605268,2016
605268,2017
605268,2018
605268,2019
605277,2015
605277,2016
605277,2017
605277,2018
605277,2019
605286,2015
605286,2016
605286,2017
605286,2018
605286,2019
605299,2015
605299,2016
605299,2017
605299,2018
605299,2019
605300,2015
605300,2016
605300,2017
605300,2018
605300,2019
605300,2020
605305,2015
605305,2016
605305,2017
605305,2018
605305,2019
605305,2020
605318,2015
605318,2016
605318,2017
605318,2018
605318,2019
605333,2015
605333,2016
605333,2017
605333,2018
605333,2019
605337,2015
605337,2016
605337,2017
605337,2018
605337,2019
605338,2015
605338,2016
605338,2017
605338,2018
605338,2019
605339,2015
605339,2016
605339,2017
605339,2018
605339,2019
605339,2020
605358,2015
605358,2016
605358,2017
605358,2018
605358,2019
605365,2015
605365,2016
605365,2017
605365,2018
605365,2019
605365,2020
605366,2015
605366,2016
605366,2017
605366,2018
605366,2019
605369,2015
605369,2016
605369,2017
605369,2018
605369,2019
605399,2015
605399,2016
605399,2017
605399,2018
605399,2019
605488,2015
605488,2016
605488,2017
605488,2018
605488,2019
605488,2020
605499,2015
605499,2016
605499,2017
605499,2018
605499,2019
605499,2020
605507,2015
605507,2016
605507,2017
605507,2018
605507,2019
605507,2020
605566,2015
605566,2016
605566,2017
605566,2018
605566,2019
605566,2020
605589,2015
605589,2016
605589,2017
605589,2018
605589,2019
605589,2020
688001,2015
688001,2016
688001,2017
688001,2018
688003,2015
688003,2016
688003,2017
688003,2018
688006,2015
688006,2016
688006,2017
688006,2018
688007,2015
688007,2016
688007,2017
688007,2018
688008,2015
688008,2016
688008,2017
688008,2018
688009,2015
688009,2016
688009,2017
688009,2018
688011,2015
688011,2016
688011,2017
688011,2018
688012,2015
688012,2016
688012,2017
688012,2018
688013,2015
688013,2016
688013,2017
688013,2018
688013,2019
688015,2015
688015,2016
688015,2017
688015,2018
688016,2015
688016,2016
688016,2017
688016,2018
688019,2015
688019,2016
688019,2017
688019,2018
688026,2015
688026,2016
688026,2017
688026,2018
688027,2015
688027,2016
688027,2017
688027,2018
688027,2019
688029,2015
688029,2016
688029,2017
688029,2018
688032,2015
688032,2016
688032,2017
688032,2018
688032,2019
688032,2020
688033,2015
688033,2016
688033,2017
688033,2018
688035,2015
688035,2016
688035,2017
688035,2018
688035,2019
688035,2020
688035,2021
688037,2015
688037,2016
688037,2017
688037,2018
688041,2015
688041,2016
688041,2017
688041,2018
688041,2019
688041,2020
688041,2021
688047,2015
688047,2016
688047,2017
688047,2018
688047,2019
688047,2020
688047,2021
688048,2015
688048,2016
688048,2017
688048,2018
688048,2019
688048,2020
688048,2021
688049,2015
688049,2016
688049,2017
688049,2018
688049,2019
688049,2020
688050,2015
688050,2016
688050,2017
688050,2018
688050,2019
688055,2015
688055,2016
688055,2017
688055,2018
688055,2019
688056,2015
688056,2016
688056,2017
688056,2018
688056,2019
688059,2015
688059,2016
688059,2017
688059,2018
688059,2019
688062,2015
688062,2016
688062,2017
688062,2018
688062,2019
688062,2020
688063,2015
688063,2016
688063,2017
688063,2018
688063,2019
688067,2015
688067,2016
688067,2017
688067,2018
688067,2019
688067,2020
688068,2015
688068,2016
688068,2017
688068,2018
688070,2015
688070,2016
688070,2017
688070,2018
688070,2019
688071,2015
688071,2016
688071,2017
688071,2018
688071,2019
688071,2020
688072,2015
688072,2016
688072,2017
688072,2018
688072,2019
688072,2020
688072,2021
688075,2015
688075,2016
688075,2017
688075,2018
688075,2019
688075,2020
688077,2015
688077,2016
688077,2017
688077,2018
688077,2019
688079,2015
688079,2016
688079,2017
688079,2018
688079,2019
688080,2015
688080,2016
688080,2017
688080,2018
688081,2015
688081,2016
688081,2017
688081,2018
688082,2015
688082,2016
688082,2017
688082,2018
688082,2019
688082,2020
688084,2015
688084,2016
688084,2017
688084,2018
688084,2019
688084,2020
688084,2021
688085,2015
688085,2016
688085,2017
688085,2018
688085,2019
688086,2015
688086,2016
688086,2017
688086,2018
688086,2022
688087,2015
688087,2016
688087,2017
688087,2018
688087,2019
688087,2020
688089,2015
688089,2016
688089,2017
688089,2018
688090,2015
688090,2016
688090,2017
688090,2018
688091,2015
688091,2016
688091,2017
688091,2018
688091,2019
688091,2020
688092,2015
688092,2016
688092,2017
688092,2018
688092,2019
688096,2015
688096,2016
688096,2017
688096,2018
688096,2019
688097,2015
688097,2016
688097,2017
688097,2018
688097,2019
688097,2020
688098,2015
688098,2016
688098,2017
688098,2018
688100,2015
688100,2016
688100,2017
688100,2018
688102,2015
688102,2016
688102,2017
688102,2018
688102,2019
688102,2020
688103,2015
688103,2016
688103,2017
688103,2018
688103,2019
688103,2020
688106,2015
688106,2016
688106,2017
688106,2018
688106,2019
688107,2015
688107,2016
688107,2017
688107,2018
688107,2019
688107,2020
688108,2015
688108,2016
688108,2017
688108,2018
688110,2015
688110,2016
688110,2017
688110,2018
688110,2019
688110,2020
688112,2015
688112,2016
688112,2017
688112,2018
688112,2019
688112,2020
688113,2015
688113,2016
688113,2017
688113,2018
688113,2019
688113,2020
688114,2015
688114,2016
688114,2017
688114,2018
688114,2019
688114,2020
688114,2021
688115,2015
688115,2016
688115,2017
688115,2018
688115,2019
688115,2020
688115,2021
688116,2015
688116,2016
688116,2017
688116,2018
688119,2015
688119,2016
688119,2017
688119,2018
688119,2019
688119,2020
688119,2021
688120,2015
688120,2016
688120,2017
688120,2018
688120,2019
688120,2020
688120,2021
688121,2015
688121,2016
688121,2017
688121,2018
688121,2019
688121,2020
688123,2015
688123,2016
688123,2017
688123,2018
688125,2015
688125,2016
688125,2017
688125,2018
688125,2019
688125,2020
688125,2021
688126,2015
688126,2016
688126,2017
688126,2018
688127,2015
688127,2016
688127,2017
688127,2018
688127,2019
688128,2015
688128,2016
688128,2017
688128,2018
688129,2015
688129,2016
688129,2017
688129,2018
688129,2019
688132,2015
688132,2016
688132,2017
688132,2018
688132,2019
688132,2020
688132,2021
688135,2015
688135,2016
688135,2017
688135,2018
688135,2019
688136,2015
688136,2016
688136,2017
688136,2018
688136,2019
688139,2015
688139,2016
688139,2017
688139,2018
688141,2015
688141,2016
688141,2017
688141,2018
688141,2019
688141,2020
688141,2021
688143,2015
688143,2016
688143,2017
688143,2018
688143,2019
688143,2020
688143,2021
688146,2015
688146,2016
688146,2017
688146,2018
688146,2019
688146,2020
688146,2021
688146,2022
688147,2015
688147,2016
688147,2017
688147,2018
688147,2019
688147,2020
688147,2021
688148,2015
688148,2016
688148,2017
688148,2018
688148,2019
688148,2020
688150,2015
688150,2016
688150,2017
688150,2018
688150,2019
688150,2020
688153,2015
688153,2016
688153,2017
688153,2018
688153,2019
688153,2020
688153,2021
688155,2015
688155,2016
688155,2017
688155,2018
688155,2019
688157,2015
688157,2016
688157,2017
688157,2018
688157,2019
688160,2015
688160,2016
688160,2017
688160,2018
688160,2019
688162,2015
688162,2016
688162,2017
688162,2018
688162,2019
688162,2020
688163,2015
688163,2016
688163,2017
688163,2018
688163,2019
688163,2020
688165,2015
688165,2016
688165,2017
688165,2018
688165,2019
688166,2015
688166,2016
688166,2017
688166,2018
688167,2015
688167,2016
688167,2017
688167,2018
688167,2019
688167,2020
688169,2015
688169,2016
688169,2017
688169,2018
688170,2015
688170,2016
688170,2017
688170,2018
688170,2019
688170,2020
688170,2021
688172,2015
688172,2016
688172,2017
688172,2018
688172,2019
688172,2020
688172,2021
688175,2015
688175,2016
688175,2017
688175,2018
688175,2019
688175,2020
688176,2015
688176,2016
688176,2017
688176,2018
688176,2019
688176,2020
688177,2015
688177,2016
688177,2017
688177,2018
688180,2015
688180,2016
688180,2017
688180,2018
688180,2019
688185,2015
688185,2016
688185,2017
688185,2018
688185,2019
688187,2015
688187,2016
688187,2017
688187,2018
688187,2019
688187,2020
688190,2015
688190,2016
688190,2017
688190,2018
688190,2019
688190,2020
688192,2015
688192,2016
688192,2017
688192,2018
688192,2019
688192,2020
688193,2015
688193,2016
688193,2017
688193,2018
688193,2019
688193,2020
688193,2021
688196,2015
688196,2016
688196,2017
688196,2018
688197,2015
688197,2016
688197,2017
688197,2018
688197,2019
688197,2020
688198,2015
688198,2016
688198,2017
688198,2018
688199,2015
688199,2016
688199,2017
688199,2018
688200,2015
688200,2016
688200,2017
688200,2018
688203,2015
688203,2016
688203,2017
688203,2018
688203,2019
688203,2020
688203,2021
688205,2015
688205,2016
688205,2017
688205,2018
688205,2019
688205,2020
688205,2021
688209,2015
688209,2016
688209,2017
688209,2018
688209,2019
688209,2020
688209,2021
688210,2015
688210,2016
688210,2017
688210,2018
688210,2019
688210,2020
688211,2015
688211,2016
688211,2017
688211,2018
688211,2019
688211,2020
688212,2015
688212,2016
688212,2017
688212,2018
688212,2019
688212,2020
688213,2015
688213,2016
688213,2017
688213,2018
688213,2019
688213,2020
688213,2021
688215,2015
688215,2016
688215,2017
688215,2018
688215,2019
688217,2015
688217,2016
688217,2017
688217,2018
688217,2019
688217,2020
688218,2015
688218,2016
688218,2017
688218,2018
688219,2015
688219,2016
688219,2017
688219,2018
688219,2019
688220,2015
688220,2016
688220,2017
688220,2018
688220,2019
688220,2020
688221,2015
688221,2016
688221,2017
688221,2018
688221,2019
688226,2015
688226,2016
688226,2017
688226,2018
688226,2019
688226,2020
688230,2015
688230,2016
688230,2017
688230,2018
688230,2019
688230,2020
688231,2015
688231,2016
688231,2017
688231,2018
688231,2019
688231,2020
688231,2021
688234,2015
688234,2016
688234,2017
688234,2018
688234,2019
688234,2020
688237,2015
688237,2016
688237,2017
688237,2018
688237,2019
688237,2020
688237,2021
688239,2015
688239,2016
688239,2017
688239,2018
688239,2019
688239,2020
688247,2015
688247,2016
688247,2017
688247,2018
688247,2019
688247,2020
688247,2021
688251,2015
688251,2016
688251,2017
688251,2018
688251,2019
688251,2020
688251,2021
688253,2015
688253,2016
688253,2017
688253,2018
688253,2019
688253,2020
688253,2021
688255,2015
688255,2016
688255,2017
688255,2018
688255,2019
688255,2020
688257,2015
688257,2016
688257,2017
688257,2018
688257,2019
688257,2020
688261,2015
688261,2016
688261,2017
688261,2018
688261,2019
688261,2020
688266,2015
688266,2016
688266,2017
688266,2018
688267,2015
688267,2016
688267,2017
688267,2018
688267,2019
688267,2020
688268,2015
688268,2016
688268,2017
688268,2018
688269,2015
688269,2016
688269,2017
688269,2018
688269,2019
688269,2020
688270,2015
688270,2016
688270,2017
688270,2018
688270,2019
688270,2020
688271,2015
688271,2016
688271,2017
688271,2018
688271,2019
688271,2020
688271,2021
688273,2015
688273,2016
688273,2017
688273,2018
688273,2019
688273,2020
688273,2021
688276,2015
688276,2016
688276,2017
688276,2018
688276,2019
688276,2020
688277,2015
688277,2016
688277,2017
688277,2018
688277,2019
688278,2015
688278,2016
688278,2017
688278,2018
688280,2015
688280,2016
688280,2017
688280,2018
688280,2019
688280,2020
688281,2015
688281,2016
688281,2017
688281,2018
688281,2019
688281,2020
688281,2021
688282,2015
688282,2016
688282,2017
688282,2018
688282,2019
688282,2020
688282,2021
688283,2015
688283,2016
688283,2017
688283,2018
688283,2019
688283,2020
688285,2015
688285,2016
688285,2017
688285,2018
688285,2019
688285,2020
688286,2015
688286,2016
688286,2017
688286,2018
688286,2019
688288,2015
688288,2016
688288,2017
688288,2018
688289,2015
688289,2016
688289,2017
688289,2018
688289,2019
688290,2015
688290,2016
688290,2017
688290,2018
688290,2019
688290,2020
688290,2021
688295,2015
688295,2016
688295,2017
688295,2018
688295,2019
688295,2020
688295,2021
688297,2015
688297,2016
688297,2017
688297,2018
688297,2019
688297,2020
688297,2021
688299,2015
688299,2016
688299,2017
688299,2018
688301,2015
688301,2016
688301,2017
688301,2018
688301,2019
688302,2015
688302,2016
688302,2017
688302,2018
688302,2019
688302,2020
688302,2021
688303,2015
688303,2016
688303,2017
688303,2018
688303,2019
688303,2020
688305,2015
688305,2016
688305,2017
688305,2018
688305,2019
688305,2020
688306,2015
688306,2016
688306,2017
688306,2018
688306,2019
688306,2020
688306,2021
688309,2015
688309,2016
688309,2017
688309,2018
688309,2019
688310,2015
688310,2016
688310,2017
688310,2018
688313,2015
688313,2016
688313,2017
688313,2018
688313,2019
688321,2015
688321,2016
688321,2017
688321,2018
688322,2015
688322,2016
688322,2017
688322,2018
688322,2019
688322,2020
688322,2021
688323,2015
688323,2016
688323,2017
688323,2018
688323,2019
688323,2020
688326,2015
688326,2016
688326,2017
688326,2018
688326,2019
688326,2020
688326,2021
688329,2015
688329,2016
688329,2017
688329,2018
688329,2019
688330,2015
688330,2016
688330,2017
688330,2018
688330,2019
688331,2015
688331,2016
688331,2017
688331,2018
688331,2019
688331,2020
688331,2021
688332,2015
688332,2016
688332,2017
688332,2018
688332,2019
688332,2020
688332,2021
688333,2015
688333,2016
688333,2017
688333,2018
688335,2015
688335,2016
688335,2017
688335,2018
688335,2019
688336,2015
688336,2016
688336,2017
688336,2018
688336,2019
688337,2015
688337,2016
688337,2017
688337,2018
688337,2019
688337,2020
688337,2021
688338,2015
688338,2016
688338,2017
688338,2018
688338,2019
688339,2015
688339,2016
688339,2017
688339,2018
688339,2019
688347,2015
688347,2016
688347,2017
688347,2018
688347,2019
688347,2020
688347,2021
688347,2022
688348,2015
688348,2016
688348,2017
688348,2018
688348,2019
688348,2020
688348,2021
688349,2015
688349,2016
688349,2017
688349,2018
688349,2019
688349,2020
688349,2021
688351,2015
688351,2016
688351,2017
688351,2018
688351,2019
688351,2020
688351,2021
688352,2015
688352,2016
688352,2017
688352,2018
688352,2019
688352,2020
688352,2021
688352,2022
688353,2015
688353,2016
688353,2017
688353,2018
688353,2019
688353,2020
688353,2021
688355,2015
688355,2016
688355,2017
688355,2018
688355,2019
688355,2020
688356,2015
688356,2016
688356,2017
688356,2018
688356,2019
688358,2015
688358,2016
688358,2017
688358,2018
688359,2015
688359,2016
688359,2017
688359,2018
688359,2019
688359,2020
688360,2015
688360,2016
688360,2017
688360,2018
688360,2019
688362,2015
688362,2016
688362,2017
688362,2018
688362,2019
688362,2020
688362,2021
688366,2015
688366,2016
688366,2017
688366,2018
688367,2015
688367,2016
688367,2017
688367,2018
688367,2019
688367,2020
688371,2015
688371,2016
688371,2017
688371,2018
688371,2019
688371,2020
688371,2021
688372,2015
688372,2016
688372,2017
688372,2018
688372,2019
688372,2020
688372,2021
688373,2015
688373,2016
688373,2017
688373,2018
688373,2019
688373,2020
688373,2021
688375,2015
688375,2016
688375,2017
688375,2018
688375,2019
688375,2020
688375,2021
688376,2015
688376,2016
688376,2017
688376,2018
688376,2019
688376,2020
688376,2021
688378,2015
688378,2016
688378,2017
688378,2018
688378,2019
688382,2015
688382,2016
688382,2017
688382,2018
688382,2019
688382,2020
688382,2021
688385,2015
688385,2016
688385,2017
688385,2018
688385,2019
688385,2020
688386,2015
688386,2016
688386,2017
688386,2018
688386,2019
688387,2015
688387,2016
688387,2017
688387,2018
688387,2019
688387,2020
688387,2021
688392,2015
688392,2016
688392,2017
688392,2018
688392,2019
688392,2020
688392,2021
688393,2015
688393,2016
688393,2017
688393,2018
688393,2019
688399,2015
688399,2016
688399,2017
688399,2018
688400,2015
688400,2016
688400,2017
688400,2018
688400,2019
688400,2020
688400,2021
688403,2015
688403,2016
688403,2017
688403,2018
688403,2019
688403,2020
688403,2021
688409,2015
688409,2016
688409,2017
688409,2018
688409,2019
688409,2020
688409,2021
688410,2015
688410,2016
688410,2017
688410,2018
688410,2019
688410,2020
688410,2021
688416,2015
688416,2016
688416,2017
688416,2018
688416,2019
688416,2020
688416,2021
688418,2015
688418,2016
688418,2017
688418,2018
688418,2019
688419,2015
688419,2016
688419,2017
688419,2018
688419,2019
688419,2020
688419,2021
688420,2015
688420,2016
688420,2017
688420,2018
688420,2019
688420,2020
688420,2021
688425,2015
688425,2016
688425,2017
688425,2018
688425,2019
688425,2020
688426,2015
688426,2016
688426,2017
688426,2018
688426,2019
688426,2020
688426,2021
688432,2015
688432,2016
688432,2017
688432,2018
688432,2019
688432,2020
688432,2021
688433,2015
688433,2016
688433,2017
688433,2018
688433,2019
688433,2020
688433,2021
688433,2022
688439,2015
688439,2016
688439,2017
688439,2018
688439,2019
688439,2020
688439,2021
688443,2015
688443,2016
688443,2017
688443,2018
688443,2019
688443,2020
688443,2021
688443,2022
688448,2015
688448,2016
688448,2017
688448,2018
688448,2019
688448,2020
688448,2021
688450,2015
688450,2016
688450,2017
688450,2018
688450,2019
688450,2020
688450,2021
688450,2022
688455,2015
688455,2016
688455,2017
688455,2018
688455,2019
688455,2020
688455,2021
688458,2015
688458,2016
688458,2017
688458,2018
688458,2019
688458,2020
688458,2021
688458,2022
688459,2015
688459,2016
688459,2017
688459,2018
688459,2019
688459,2020
688459,2021
688468,2015
688468,2016
688468,2017
688468,2018
688468,2019
688468,2020
688469,2015
688469,2016
688469,2017
688469,2018
688469,2019
688469,2020
688469,2021
688469,2022
688472,2015
688472,2016
688472,2017
688472,2018
688472,2019
688472,2020
688472,2021
688472,2022
688475,2015
688475,2016
688475,2017
688475,2018
688475,2019
688475,2020
688475,2021
688478,2015
688478,2016
688478,2017
688478,2018
688478,2019
688478,2020
688478,2021
688478,2022
688484,2015
688484,2016
688484,2017
688484,2018
688484,2019
688484,2020
688484,2021
688484,2022
688486,2015
688486,2016
688486,2017
688486,2018
688486,2019
688486,2020
688486,2021
688488,2015
688488,2016
688488,2017
688488,2018
688488,2019
688489,2015
688489,2016
688489,2017
688489,2018
688489,2019
688489,2020
688489,2021
688496,2015
688496,2016
688496,2017
688496,2018
688496,2019
688496,2020
688496,2021
688499,2015
688499,2016
688499,2017
688499,2018
688499,2019
688499,2020
688501,2015
688501,2016
688501,2017
688501,2018
688501,2019
688501,2020
688502,2015
688502,2016
688502,2017
688502,2018
688502,2019
688502,2020
688502,2021
688502,2022
688503,2015
688503,2016
688503,2017
688503,2018
688503,2019
688503,2020
688503,2021
688505,2015
688505,2016
688505,2017
688505,2018
688505,2019
688510,2015
688510,2016
688510,2017
688510,2018
688510,2019
688511,2015
688511,2016
688511,2017
688511,2018
688511,2019
688511,2020
688513,2015
688513,2016
688513,2017
688513,2018
688513,2019
688515,2015
688515,2016
688515,2017
688515,2018
688515,2019
688515,2020
688515,2021
688516,2015
688516,2016
688516,2017
688516,2018
688516,2019
688517,2015
688517,2016
688517,2017
688517,2018
688517,2019
688517,2020
688519,2015
688519,2016
688519,2017
688519,2018
688519,2019
688522,2015
688522,2016
688522,2017
688522,2018
688522,2019
688522,2020
688522,2021
688523,2015
688523,2016
688523,2017
688523,2018
688523,2019
688523,2020
688523,2021
688523,2022
688526,2015
688526,2016
688526,2017
688526,2018
688526,2019
688528,2015
688528,2016
688528,2017
688528,2018
688528,2019
688529,2015
688529,2016
688529,2017
688529,2018
688529,2019
688531,2015
688531,2016
688531,2017
688531,2018
688531,2019
688531,2020
688531,2021
688531,2022
688538,2015
688538,2016
688538,2017
688538,2018
688538,2019
688538,2020
688539,2015
688539,2016
688539,2017
688539,2018
688539,2019
688539,2020
688539,2021
688539,2022
688543,2015
688543,2016
688543,2017
688543,2018
688543,2019
688543,2020
688543,2021
688543,2022
688548,2015
688548,2016
688548,2017
688548,2018
688548,2019
688548,2020
688548,2021
688548,2022
688549,2015
688549,2016
688549,2017
688549,2018
688549,2019
688549,2020
688549,2021
688549,2022
688550,2015
688550,2016
688550,2017
688550,2018
688550,2019
688551,2015
688551,2016
688551,2017
688551,2018
688551,2019
688552,2015
688552,2016
688552,2017
688552,2018
688552,2019
688552,2020
688552,2021
688552,2022
688553,2015
688553,2016
688553,2017
688553,2018
688553,2019
688553,2020
688556,2015
688556,2016
688556,2017
688556,2018
688556,2019
688557,2015
688557,2016
688557,2017
688557,2018
688557,2019
688558,2015
688558,2016
688558,2017
688558,2018
688558,2019
688563,2015
688563,2016
688563,2017
688563,2018
688563,2019
688563,2020
688563,2021
688563,2022
688566,2015
688566,2016
688566,2017
688566,2018
688566,2019
688570,2015
688570,2016
688570,2017
688570,2018
688570,2019
688570,2020
688570,2021
688570,2022
688573,2015
688573,2016
688573,2017
688573,2018
688573,2019
688573,2020
688573,2021
688573,2022
688575,2015
688575,2016
688575,2017
688575,2018
688575,2019
688575,2020
688576,2015
688576,2016
688576,2017
688576,2018
688576,2019
688576,2020
688576,2021
688576,2022
688578,2015
688578,2016
688578,2017
688578,2018
688578,2019
688580,2015
688580,2016
688580,2017
688580,2018
688580,2019
688581,2015
688581,2016
688581,2017
688581,2018
688581,2019
688581,2020
688581,2021
688581,2022
688582,2015
688582,2016
688582,2017
688582,2018
688582,2019
688582,2020
688582,2021
688582,2022
688586,2015
688586,2016
688586,2017
688586,2018
688586,2019
688591,2015
688591,2016
688591,2017
688591,2018
688591,2019
688591,2020
688591,2021
688591,2022
688592,2015
688592,2016
688592,2017
688592,2018
688592,2019
688592,2020
688592,2021
688592,2022
688593,2015
688593,2016
688593,2017
688593,2018
688593,2019
688593,2020
688593,2021
688593,2022
688595,2015
688595,2016
688595,2017
688595,2018
688595,2019
688596,2015
688596,2016
688596,2017
688596,2018
688596,2019
688597,2015
688597,2016
688597,2017
688597,2018
688597,2019
688597,2020
688598,2015
688598,2016
688598,2017
688598,2018
688598,2019
688599,2015
688599,2016
688599,2017
688599,2018
688599,2019
688600,2015
688600,2016
688600,2017
688600,2018
688600,2019
688602,2015
688602,2016
688602,2017
688602,2018
688602,2019
688602,2020
688602,2021
688602,2022
688603,2015
688603,2016
688603,2017
688603,2018
688603,2019
688603,2020
688603,2021
688603,2022
688606,2015
688606,2016
688606,2017
688606,2018
688606,2019
688607,2015
688607,2016
688607,2017
688607,2018
688607,2019
688608,2015
688608,2016
688608,2017
688608,2018
688608,2019
688609,2015
688609,2016
688609,2017
688609,2018
688609,2019
688610,2015
688610,2016
688610,2017
688610,2018
688610,2019
688610,2020
688610,2021
688610,2022
688611,2015
688611,2016
688611,2017
688611,2018
688611,2019
688611,2020
688612,2015
688612,2016
688612,2017
688612,2018
688612,2019
688612,2020
688612,2021
688612,2022
688613,2015
688613,2016
688613,2017
688613,2018
688613,2019
688613,2020
688616,2015
688616,2016
688616,2017
688616,2018
688616,2019
688618,2015
688618,2016
688618,2017
688618,2018
688618,2019
688620,2015
688620,2016
688620,2017
688620,2018
688620,2019
688620,2020
688620,2021
688620,2022
688622,2015
688622,2016
688622,2017
688622,2018
688622,2019
688622,2020
688623,2015
688623,2016
688623,2017
688623,2018
688623,2019
688623,2020
688623,2021
688623,2022
688625,2015
688625,2016
688625,2017
688625,2018
688625,2019
688625,2020
688626,2015
688626,2016
688626,2017
688626,2018
688626,2019
688629,2015
688629,2016
688629,2017
688629,2018
688629,2019
688629,2020
688629,2021
688629,2022
688633,2015
688633,2016
688633,2017
688633,2018
688633,2019
688638,2015
688638,2016
688638,2017
688638,2018
688638,2019
688638,2020
688638,2021
688638,2022
688646,2015
688646,2016
688646,2017
688646,2018
688646,2019
688646,2020
688646,2021
688646,2022
688656,2015
688656,2016
688656,2017
688656,2018
688656,2019
688660,2015
688660,2016
688660,2017
688660,2018
688660,2019
688660,2020
688662,2015
688662,2016
688662,2017
688662,2018
688662,2019
688662,2020
688663,2015
688663,2016
688663,2017
688663,2018
688663,2019
688665,2015
688665,2016
688665,2017
688665,2018
688665,2019
688667,2015
688667,2016
688667,2017
688667,2018
688667,2019
688667,2020
688669,2015
688669,2016
688669,2017
688669,2018
688669,2019
688670,2015
688670,2016
688670,2017
688670,2018
688670,2019
688670,2020
688671,2015
688671,2016
688671,2017
688671,2018
688671,2019
688671,2020
688671,2021
688671,2022
688676,2015
688676,2016
688676,2017
688676,2018
688676,2019
688676,2020
688677,2015
688677,2016
688677,2017
688677,2018
688677,2019
688680,2015
688680,2016
688680,2017
688680,2018
688680,2019
688681,2015
688681,2016
688681,2017
688681,2018
688681,2019
688681,2020
688683,2015
688683,2016
688683,2017
688683,2018
688683,2019
688687,2015
688687,2016
688687,2017
688687,2018
688687,2019
688690,2015
688690,2016
688690,2017
688690,2018
688690,2019
688690,2020
688696,2015
688696,2016
688696,2017
688696,2018
688696,2019
688697,2015
688697,2016
688697,2017
688697,2018
688697,2019
688697,2020
688700,2015
688700,2016
688700,2017
688700,2018
688700,2019
688700,2020
688718,2015
688718,2016
688718,2017
688718,2018
688718,2019
688718,2020
688719,2015
688719,2016
688719,2017
688719,2018
688719,2019
688719,2020
688719,2021
688719,2022
688722,2015
688722,2016
688722,2017
688722,2018
688722,2019
688722,2020
688728,2015
688728,2016
688728,2017
688728,2018
688728,2019
688728,2020
688766,2015
688766,2016
688766,2017
688766,2018
688766,2019
688766,2020
688767,2015
688767,2016
688767,2017
688767,2018
688767,2019
688767,2020
688768,2015
688768,2016
688768,2017
688768,2018
688768,2019
688768,2020
688772,2015
688772,2016
688772,2017
688772,2018
688772,2019
688772,2020
688776,2015
688776,2016
688776,2017
688776,2018
688776,2019
688776,2020
688778,2015
688778,2016
688778,2017
688778,2018
688778,2019
688778,2020
688779,2015
688779,2016
688779,2017
688779,2018
688779,2019
688779,2020
688788,2015
688788,2016
688788,2017
688788,2018
688788,2019
688793,2015
688793,2016
688793,2017
688793,2018
688793,2019
688793,2020
688798,2015
688798,2016
688798,2017
688798,2018
688798,2019
688798,2020
688799,2015
688799,2016
688799,2017
688799,2018
688799,2019
688799,2020
688800,2015
688800,2016
688800,2017
688800,2018
688800,2019
688800,2020
689009,2015
689009,2016
689009,2017
689009,2018
689009,2019
830779,2015
830779,2016
830779,2017
830779,2018
830779,2019
830779,2020
830779,2021
830779,2022
830832,2015
830832,2016
830832,2017
830832,2018
830832,2019
830832,2020
830879,2015
830879,2016
830879,2017
830879,2018
830879,2019
830879,2020
830879,2021
830964,2015
830964,2016
830964,2017
830964,2018
830964,2019
830964,2020
830974,2015
830974,2016
830974,2017
830974,2018
830974,2019
830974,2020
830974,2021
831152,2015
831152,2016
831152,2017
831152,2018
831152,2019
831152,2020
831152,2021
831167,2015
831167,2016
831167,2017
831167,2018
831167,2019
831167,2020
831167,2021
831304,2015
831304,2016
831304,2017
831304,2018
831304,2019
831304,2020
831304,2021
831305,2015
831305,2016
831305,2017
831305,2018
831305,2019
831305,2020
831526,2015
831526,2016
831526,2017
831526,2018
831526,2019
831526,2020
831526,2021
831627,2015
831627,2016
831627,2017
831627,2018
831627,2019
831627,2020
831627,2021
831627,2022
831641,2015
831641,2016
831641,2017
831641,2018
831641,2019
831641,2020
831641,2021
831689,2015
831689,2016
831689,2017
831689,2018
831689,2019
831689,2020
831834,2015
831834,2016
831834,2017
831834,2018
831834,2019
831834,2020
831834,2021
831961,2015
831961,2016
831961,2017
831961,2018
831961,2019
831961,2020
832023,2015
832023,2016
832023,2017
832023,2018
832023,2019
832023,2020
832023,2021
832089,2015
832089,2016
832089,2017
832089,2018
832089,2019
832089,2020
832110,2015
832110,2016
832110,2017
832110,2018
832110,2019
832110,2020
832110,2021
832225,2015
832225,2016
832225,2017
832225,2018
832225,2019
832225,2020
832278,2015
832278,2016
832278,2017
832278,2018
832278,2019
832278,2020
832471,2015
832471,2016
832471,2017
832471,2018
832471,2019
832471,2020
832471,2021
832471,2022
832491,2015
832491,2016
832491,2017
832491,2018
832491,2019
832491,2020
832491,2021
832566,2015
832566,2016
832566,2017
832566,2018
832566,2019
832566,2020
832651,2015
832651,2016
832651,2017
832651,2018
832651,2019
832651,2020
832651,2021
832651,2022
832802,2015
832802,2016
832802,2017
832802,2018
832802,2019
832802,2020
832802,2021
832885,2015
832885,2016
832885,2017
832885,2018
832885,2019
832885,2020
832978,2015
832978,2016
832978,2017
832978,2018
832978,2019
832978,2020
832978,2021
832978,2022
832982,2015
832982,2016
832982,2017
832982,2018
832982,2019
832982,2020
832982,2021
832982,2022
833075,2015
833075,2016
833075,2017
833075,2018
833075,2019
833075,2020
833075,2021
833230,2015
833230,2016
833230,2017
833230,2018
833230,2019
833230,2020
833230,2021
833266,2015
833266,2016
833266,2017
833266,2018
833266,2019
833266,2020
833346,2015
833346,2016
833346,2017
833346,2018
833346,2019
833346,2020
833429,2015
833429,2016
833429,2017
833429,2018
833429,2019
833429,2020
833429,2021
833533,2015
833533,2016
833533,2017
833533,2018
833533,2019
833533,2020
833533,2021
833575,2015
833575,2016
833575,2017
833575,2018
833575,2019
833575,2020
833575,2021
833580,2015
833580,2016
833580,2017
833580,2018
833580,2019
833580,2020
833580,2021
833781,2015
833781,2016
833781,2017
833781,2018
833781,2019
833781,2020
833781,2021
833819,2015
833819,2016
833819,2017
833819,2018
833819,2019
833819,2020
833943,2015
833943,2016
833943,2017
833943,2018
833943,2019
833943,2020
833943,2021
833994,2015
833994,2016
833994,2017
833994,2018
833994,2019
833994,2020
833994,2022
834014,2015
834014,2016
834014,2017
834014,2018
834014,2019
834014,2020
834014,2021
834062,2015
834062,2016
834062,2017
834062,2018
834062,2019
834062,2020
834062,2021
834261,2015
834261,2016
834261,2017
834261,2018
834261,2019
834261,2020
834261,2021
834407,2015
834407,2016
834407,2017
834407,2018
834407,2019
834407,2020
834407,2021
834475,2015
834475,2016
834475,2017
834475,2018
834475,2019
834475,2020
834770,2015
834770,2016
834770,2017
834770,2018
834770,2019
834770,2020
834770,2021
834950,2015
834950,2016
834950,2017
834950,2018
834950,2019
834950,2020
834950,2021
835174,2015
835174,2016
835174,2017
835174,2018
835174,2019
835174,2020
835237,2015
835237,2016
835237,2017
835237,2018
835237,2019
835237,2020
835237,2021
835892,2015
835892,2016
835892,2017
835892,2018
835892,2019
835892,2020
835892,2021
836149,2015
836149,2016
836149,2017
836149,2018
836149,2019
836149,2020
836239,2015
836239,2016
836239,2017
836239,2018
836239,2019
836239,2020
836247,2015
836247,2016
836247,2017
836247,2018
836247,2019
836247,2020
836247,2021
836260,2015
836260,2016
836260,2017
836260,2018
836260,2019
836260,2020
836270,2015
836270,2016
836270,2017
836270,2018
836270,2019
836270,2020
836270,2021
836395,2015
836395,2016
836395,2017
836395,2018
836395,2019
836395,2020
836395,2021
836414,2015
836414,2016
836414,2017
836414,2018
836414,2019
836414,2020
836414,2021
836419,2015
836419,2016
836419,2017
836419,2018
836419,2019
836419,2020
836419,2021
836419,2022
836422,2015
836422,2016
836422,2017
836422,2018
836422,2019
836422,2020
836422,2021
836504,2015
836504,2016
836504,2017
836504,2018
836504,2019
836504,2020
836504,2021
836504,2022
836675,2015
836675,2016
836675,2017
836675,2018
836675,2019
836675,2020
836717,2015
836717,2016
836717,2017
836717,2018
836717,2019
836717,2020
836717,2021
836717,2022
836807,2015
836807,2016
836807,2017
836807,2018
836807,2019
836807,2020
836807,2021
836826,2015
836826,2016
836826,2017
836826,2018
836826,2019
836826,2020
836942,2015
836942,2016
836942,2017
836942,2018
836942,2019
836942,2020
836942,2021
836957,2015
836957,2016
836957,2017
836957,2018
836957,2019
836957,2020
836957,2021
837046,2015
837046,2016
837046,2017
837046,2018
837046,2019
837046,2020
837046,2021
837344,2015
837344,2016
837344,2017
837344,2018
837344,2019
837344,2020
838163,2015
838163,2016
838163,2017
838163,2018
838163,2019
838163,2020
838262,2015
838262,2016
838262,2017
838262,2018
838262,2019
838262,2020
838262,2021
838275,2015
838275,2016
838275,2017
838275,2018
838275,2019
838275,2020
838402,2015
838402,2016
838402,2017
838402,2018
838402,2019
838402,2020
838402,2021
838670,2015
838670,2016
838670,2017
838670,2018
838670,2019
838670,2020
838670,2021
838810,2015
838810,2016
838810,2017
838810,2018
838810,2019
838810,2020
838810,2021
838971,2015
838971,2016
838971,2017
838971,2018
838971,2019
838971,2020
838971,2021
839273,2015
839273,2016
839273,2017
839273,2018
839273,2019
839273,2020
839273,2021
839371,2015
839371,2016
839371,2017
839371,2018
839371,2019
839371,2020
839371,2021
839729,2015
839729,2016
839729,2017
839729,2018
839729,2019
839729,2020
839946,2015
839946,2016
839946,2017
839946,2018
839946,2019
839946,2020
870199,2015
870199,2016
870199,2017
870199,2018
870199,2019
870199,2020
870199,2021
870204,2015
870204,2016
870204,2017
870204,2018
870204,2019
870204,2020
870299,2015
870299,2016
870299,2017
870299,2018
870299,2019
870299,2020
870299,2021
870866,2015
870866,2016
870866,2017
870866,2018
870866,2019
870866,2020
870866,2021
870976,2015
870976,2016
870976,2017
870976,2018
870976,2019
870976,2020
870976,2021
870976,2022
871396,2015
871396,2016
871396,2017
871396,2018
871396,2019
871396,2020
871553,2015
871553,2016
871553,2017
871553,2018
871553,2019
871553,2020
871634,2015
871634,2016
871634,2017
871634,2018
871634,2019
871634,2020
871634,2021
871642,2015
871642,2016
871642,2017
871642,2018
871642,2019
871642,2020
871694,2015
871694,2016
871694,2017
871694,2018
871694,2019
871694,2020
871694,2021
871694,2022
872190,2015
872190,2016
872190,2017
872190,2018
872190,2019
872190,2020
872190,2021
872374,2015
872374,2016
872374,2017
872374,2018
872374,2019
872374,2020
872374,2021
872392,2015
872392,2016
872392,2017
872392,2018
872392,2019
872392,2020
872392,2021
872541,2015
872541,2016
872541,2017
872541,2018
872541,2019
872541,2020
872541,2021
872808,2015
872808,2016
872808,2017
872808,2018
872808,2019
872808,2020
872808,2021
873001,2015
873001,2016
873001,2017
873001,2018
873001,2019
873001,2020
873001,2021
873223,2015
873223,2016
873223,2017
873223,2018
873223,2019
873223,2020
873223,2021
688126,2015
688126,2016
688126,2017
688126,2018
